37,35
33,4
33,7
33,6
33,5
33,3
14,4
10,253
10,175
10,201
10,103
10,125
10,155
10,193
10,267
11,25
11,27
11,15
11,11
11,29
11,7
8,18
8,5
8,7
8,11
0,318
35,7
35,6
35,5
35,4
35,3
35,2
35,1
35,0
34,5
34,4
34,3
34,2
34,1
34,0
33,1
33,73
33,72
33,71
33,70
33,69
33,68
33,67
33,66
33,65
33,64
33,37
33,36
33,35
33,34
33,33
33,32
33,31
33,30
33,29
33,28
33,27
33,26
33,25
33,24
33,23
33,22
33,21
33,20
33,19
33,18
31,5
31,1
31,3
30,4
30,3
30,1
29,3
29,1
28,5
28,4
28,3
28,1
27,3
27,1
26,4
26,3
26,1
25,4
25,3
25,1
24,3
24,1
20,3
20,2
20,1
19,3
19,2
19,1
12,3
12,2
12,1
11,28
11,23
11,20
11,17
11,14
11,9
11,8
11,3
11,2
18,1
11,1
18,3
10,303
